Stasjon            Dato       Dyp Temperatur Salt        Kalibrert_temperatur Kalibrert_salt
Ingoy              17.06.1993 5   6.045      34.312      6.045                34.312        
Ingoy              05.07.1993 5   7.126      34.346      7.136                34.39         
Ingoy              14.07.1993 5   9.023      34.126      9.063                34.032        
Ingoy              21.07.1993 5   6.265      34.596      6.275                34.671        
Ingoy              27.07.1993 5   8.283      34.223      8.283                -0.837        
Ingoy              03.08.1993 5   9.512      34.174      9.542                34.167        
Ingoy              13.08.1993 5   8.373      34.296      8.393                34.045        
Ingoy              19.08.1993 5   8.753      34.302      8.764                34.258        
Ingoy              26.08.1993 5   8.622      34.098      8.602                34.059        
Ingoy              01.09.1993 5   8.55       34.294      8.52                 34.175        
Ingoy              07.09.1993 5   8.433      34.251      8.583                34.234        
Ingoy              15.09.1993 5   8.213      34.224      8.233                34.174        
Ingoy              22.09.1993 5   7.878      34.486      1.848                -0.594        
Ingoy              30.09.1993 5   7.767      34.421      1.727                -0.699        
Ingoy              07.10.1993 5   6.908      34.192      2.148                -0.928        
Ingoy              13.10.1993 5   7.045      34.302      2.045                -0.828        
Ingoy              19.10.1993 5   6.199      34.479      0.668                -0.64         
Ingoy              03.11.1993 5   5.775      34.494      -0.355               -0.586        
Ingoy              10.11.1993 5   5.734      34.421      -0.206               -0.639        
Ingoy              17.11.1993 5   5.697      34.451      5.687                34.37         
Ingoy              24.11.1993 5   5.86       34.496      6.01                 34.228        
Ingoy              08.12.1993 5   4.87       34.721      4.88                 34.681        
Ingoy              15.12.1993 5   4.986      34.63       5.096                34.551        
Ingoy              23.12.1993 5   4.076      34.599      4.067                34.519        
Ingoy              31.01.1994 5   4.756      34.76       4.756                34.71         
Ingoy              10.02.1994 5   4.638      34.795      4.638                34.714        
Ingoy              17.02.1994 5   4.395      34.689      4.385                34.602        
Ingoy              23.02.1994 5   3.9        34.617      3.89                 34.572        
Ingoy              18.03.1994 5   3.784      34.601      3.774                34.503        
Ingoy              25.03.1994 5   3.788      34.635      3.838                34.544        
Ingoy              06.04.1994 5   4.331      34.618      4.321                34.537        
Ingoy              13.04.1994 5   4.494      34.578      4.464                34.571        
Ingoy              19.04.1994 5   4.81       34.683      4.8                  34.646        
Ingoy              27.04.1994 5   4.727      34.601      4.717                34.6          
Ingoy              09.05.1994 5   4.731      34.552      4.721                34.289        
Ingoy              07.07.1994 5   7.703      34.478      7.833                34.323        
Ingoy              14.07.1994 5   7.332      34.039      1.722                -0.931        
Ingoy              24.07.1994 5   9.182      34.211      4.102                -0.719        
Ingoy              31.07.1994 5   8.356      34.07       3.046                -1.2          
Ingoy              27.09.1994 5   8.496      33.922      8.616                33.631        
Ingoy              04.10.1994 5   8.072      33.926      8.212                33.636        
Ingoy              18.10.1994 5   7.334      33.957      7.524                33.649        
Ingoy              27.10.1994 5   6.784      34.059      7.004                33.578        
Ingoy              08.11.1994 5   6.039      34.119      6.269                33.697        
Ingoy              16.11.1994 5   5.587      34.075      5.987                33.586        
Ingoy              23.11.1994 5   5.384      34.072      5.484                33.392        
Ingoy              30.11.1994 5   5.845      34.379      6.205                33.969        
Ingoy              07.12.1994 5   5.628      34.07       5.788                33.644        
Ingoy              13.12.1994 5   5.263      33.54       5.293                33.345        
Ingoy              20.12.1994 5   5.006      33.91       5.036                33.471        
Ingoy              27.12.1994 5   4.918      34.066      4.958                33.273        
Ingoy              05.01.1995 5   4.486      33.598      4.486                33.806        
Ingoy              10.01.1995 5   5.342      33.899      5.472                34.075        
Ingoy              18.01.1995 5   5.111      33.909      5.131                34.078        
Ingoy              27.01.1995 5   4.469      33.763      4.559                33.941        
Ingoy              31.01.1995 5   4.706      33.87       4.766                34.092        
Ingoy              16.02.1995 5   4.345      33.985      4.375                34.222        
Ingoy              24.02.1995 5   4.287      34.005      4.267                34.252        
Ingoy              01.03.1995 5   3.7        33.84       3.87                 34.034        
Ingoy              08.03.1995 5   3.594      33.894      3.644                34.057        
Ingoy              02.05.1995 5   4.157      34.94       4.227                34.382        
Ingoy              11.05.1995 5   4.679      34.957      4.819                34.333        
Ingoy              18.05.1995 5   4.381      34.953      4.471                34.34         
Ingoy              23.05.1995 5   5.71       34.548      5.82                 33.949        
Ingoy              01.06.1995 5   5.499      34.711      5.589                34.028        
Ingoy              14.06.1995 5   6.598      34.609      6.688                34.045        
Ingoy              22.06.1995 5   7.551      34.446      7.621                33.855        
Ingoy              28.06.1995 5   7.536      35.059      7.596                34.332        
Ingoy              06.07.1995 5   7.866      34.573      8.016                33.88         
Ingoy              13.07.1995 5   7.264      34.844      7.334                34.042        
Ingoy              03.08.1995 5   8.685      35.272      8.785                34.54         
Ingoy              08.08.1995 5   8.454      34.856      8.814                34.095        
Ingoy              16.08.1995 5   8.891      35.167      8.951                34.752        
Ingoy              25.08.1995 5   8.535      34.514      8.575                33.574        
Ingoy              31.08.1995 5   8.136      34.443      8.396                33.594        
Ingoy              05.09.1995 5   8.74       34.742      8.97                 33.83         
Ingoy              14.09.1995 5   8.405      34.507      8.454                33.616        
Ingoy              21.09.1995 5   8.214      34.803      14.654               33.963        
Ingoy              27.09.1995 5   8.28       34.558      8.44                 33.766        
Ingoy              05.10.1995 5   8.097      34.442      8.167                33.805        
Ingoy              11.10.1995 5   7.838      34.372      0.408                33.789        
Ingoy              19.10.1995 5   7.194      33.191      7.174                33.459        
Ingoy              23.11.1995 5   5.661      33.796      5.891                33.958        
Ingoy              29.11.1995 5   5.421      33.783      5.401                33.964        
Ingoy              09.12.1995 5   5.718      33.6        5.707                34.138        
Ingoy              01.05.1996 5   3.118      33.628      3.148                34.173        
Ingoy              16.05.1996 5   4.174      34.281      4.204                34.324        
Ingoy              24.05.1996 5   4.542      34.118      4.562                34.057        
Ingoy              02.06.1996 5   4.89       34.014      9.72                 68.848        
Ingoy              25.06.1996 5   6.606      34.201      2.616                33.973        
Ingoy              03.07.1996 5   7.491      34.21       7.541                34.029        
Ingoy              12.07.1996 5   7.522      33.997      7.592                33.855        
Ingoy              22.07.1996 5   8.013      34.377      8.093                34.264        
Ingoy              31.07.1996 5   8.663      34.329      8.693                34.186        
Ingoy              19.08.1996 5   9.285      34.466      9.345                34.373        
Ingoy              28.08.1996 5   9.262      34.254      9.002                34.322        
Ingoy              21.10.1996 5   7.825      34.205      7.955                34.284        
Ingoy              29.10.1996 5   8.187      34.452      8.177                34.487        
Ingoy              09.11.1996 5   7.707      34.244      7.707                34.255        
Ingoy              11.12.1996 5   6.347      34.502      6.407                -0.668        
Ingoy              22.12.1996 5   5.444      34.352      5.544                34.25         
Ingoy              04.01.1997 5   4.813      34.399      4.873                34.306        
Ingoy              12.01.1997 5   4.448      34.421      4.508                34.318        
Ingoy              23.01.1997 5   4.106      34.422      4.096                34.359        
Ingoy              29.01.1997 5   4.78       34.642      4.76                 34.584        
Ingoy              07.02.1997 5   4.328      34.552      4.298                34.464        
Ingoy              19.02.1997 5   3.62       34.464      3.61                 34.352        
Ingoy              28.02.1997 5   3.368      34.499      3.358                34.375        
Ingoy              07.03.1997 5   3.907      34.521      3.897                34.4          
Ingoy              14.03.1997 5   4.68       34.707      4.65                 34.6          
Ingoy              22.03.1997 5   3.438      34.449      3.648                34.352        
Ingoy              30.03.1997 5   3.66       34.627      3.64                 34.456        
Ingoy              07.04.1997 5   4.578      34.726      4.568                34.582        
Ingoy              15.04.1997 5   4.17       34.64       3.79                 34.508        
Ingoy              23.04.1997 5   4.26       34.699      4.24                 34.57         
Ingoy              01.05.1997 5   4.003      34.548      4.033                34.424        
Ingoy              08.05.1997 5   4.754      34.619      4.734                34.491        
Ingoy              17.05.1997 5   4.5        34.494      4.39                 34.361        
Ingoy              24.05.1997 5   4.869      34.612      4.869                34.466        
Ingoy              31.05.1997 5   5.374      34.547      5.344                34.422        
Ingoy              16.06.1997 5   6.152      33.737      2.072                -1.433        
Ingoy              02.07.1997 5   6.521      34.151      2.481                34.041        
Ingoy              22.07.1997 5   7.977      34.233      3.317                34.216        
Ingoy              31.07.1997 5   8.692      34.149      4.052                34.133        
Ingoy              07.08.1997 5   9.302      34.018      4.842                33.986        
Ingoy              15.08.1997 5   8.755      34.125      3.335                34.116        
Ingoy              02.09.1997 5   9.842      34.089      5.222                34.07         
Ingoy              12.09.1997 5   10.64      34.019      5.74                 33.999        
Ingoy              20.09.1997 5   9.401      34.301      4.301                34.287        
Ingoy              28.09.1997 5   9.233      34.067      3.683                33.981        
Ingoy              05.10.1997 5   8.926      33.829      3.126                33.807        
Ingoy              13.10.1997 5   8.507      33.992      3.287                33.977        
Ingoy              23.11.1997 5   6.479      33.879      6.479                33.865        
Ingoy              30.11.1997 5   6.043      34.022      6.053                33.982        
Ingoy              13.12.1997 5   5.951      34.07       5.041                34.028        
Ingoy              30.12.1997 5   5.706      33.867      5.716                33.845        
Ingoy              11.01.1998 5   4.841      33.964      4.831                33.927        
Ingoy              19.01.1998 5   4.98       34          4.95                 33.944        
Ingoy              27.01.1998 5   4.782      34.11       4.762                34.035        
Ingoy              07.02.1998 5   4.119      34.212      4.139                34.141        
Ingoy              16.02.1998 5   3.584      34.35       3.594                34.248        
Ingoy              08.04.1998 5   4.324      34.354      4.314                34.505        
Ingoy              18.04.1998 5   4.298      34.3        8.718                34.465        
Ingoy              25.04.1998 5   3.977      34.234      3.957                34.373        
Ingoy              02.05.1998 5   5.41       34.58       5.39                 34.742        
Ingoy              11.05.1998 5   4.285      34.213      4.255                34.371        
Ingoy              18.05.1998 5   5.601      34.385      5.55                 34.545        
Ingoy              26.05.1998 5   5.262      34.32       5.262                34.434        
Ingoy              26.08.1998 5   9.275      34.375      9.305                34.118        
Ingoy              02.09.1998 5   10.201     34.104      10.261               34.082        
Ingoy              09.09.1998 5   9.615      34.096      9.665                34.12         
Ingoy              17.09.1998 5   7.772      34.118      7.812                34.145        
Ingoy              24.09.1998 5   8.1        34.14       8.13                 34.143        
Ingoy              02.10.1998 5   7.48       34.128      7.53                 34.141        
Ingoy              09.10.1998 5   7.602      34.407      7.641                34.406        
Ingoy              20.10.1998 5   6.977      34.132      7.007                34.133        
Ingoy              27.10.1998 5   7.656      34.277      7.676                34.28         
Ingoy              03.11.1998 5   6.85       34.193      6.89                 34.207        
Ingoy              12.11.1998 5   6.719      34.283      6.749                34.228        
Ingoy              19.11.1998 5   6.53       34.245      6.56                 34.248        
Ingoy              27.11.1998 5   6.89       34.179      6.9                  34.162        
Ingoy              08.12.1998 5   6.837      34.32       6.837                34.302        
Ingoy              17.12.1998 5   6.516      34.118      6.526                34.115        
Ingoy              07.01.1999 5   5.706      34.26       5.716                34.253        
Ingoy              14.01.1999 5   4.92       34.15       4.93                 34.138        
Ingoy              27.01.1999 5   5.585      34.252      5.605                34.231        
Ingoy              04.02.1999 5   5.798      34.253      5.808                34.246        
Ingoy              19.02.1999 5   4.624      34.142      4.654                34.129        
Ingoy              27.02.1999 5   4.33       34.195      4.45                 34.099        
Ingoy              06.03.1999 5   4.332      34.131      4.352                34.109        
Ingoy              13.03.1999 5   4.31       34.242      4.34                 34.209        
Ingoy              22.03.1999 5   4.029      34.22       4.049                34.188        
Ingoy              31.03.1999 5   4.27       34.16       4.29                 34.138        
Ingoy              13.04.1999 5   4.315      34.223      4.325                34.203        
Ingoy              24.04.1999 5   4.619      34.281      4.649                34.256        
Ingoy              01.05.1999 5   4.92       34.322      4.95                 34.297        
Ingoy              08.05.1999 5   4.9        34.286      4.91                 34.265        
Ingoy              16.05.1999 5   4.799      34.226      4.799                34.217        
Ingoy              25.05.1999 5   5.25       34.23       5.25                 34.221        
Ingoy              02.06.1999 5   6.733      34.039      6.753                34.051        
Ingoy              09.06.1999 5   6.812      34.137      6.832                34.124        
Ingoy              21.06.1999 5   7.807      34.183      7.817                34.167        
Ingoy              28.06.1999 5   8.535      34.071      8.565                34.029        
Ingoy              05.07.1999 5   8.67       34.083      8.69                 33.989        
Ingoy              13.07.1999 5   8.975      34.756      8.965                34.381        
Ingoy              20.07.1999 5   9.82       34.312      9.87                 33.929        
Ingoy              09.08.1999 5   9.323      34.455      9.333                34.045        
Ingoy              17.08.1999 5   9.084      34.149      9.104                33.754        
Ingoy              24.08.1999 5   10.095     34.16       10.255               33.758        
Ingoy              31.08.1999 5   8.926      33.734      9.066                33.783        
Ingoy              04.10.1999 5   9.108      33.618      9.148                33.606        
Ingoy              11.10.1999 5   9.16       33.56       9.18                 33.522        
Ingoy              18.10.1999 5   8.281      33.651      8.341                33.618        
Ingoy              26.10.1999 5   8.173      33.542      8.173                33.512        
Ingoy              06.11.1999 5   8.358      33.592      8.408                33.563        
Ingoy              14.11.1999 5   7.51       33.548      7.51                 33.524        
Ingoy              22.11.1999 5   8.191      33.827      8.191                33.805        
Ingoy              01.12.1999 5   7.302      33.592      7.332                33.568        
Ingoy              09.12.1999 5   7.205      33.69       7.225                33.666        
Ingoy              16.12.1999 5   6.425      33.639      6.445                33.615        
Ingoy              23.12.1999 5   5.93       33.721      5.97                 33.687        
Ingoy              30.12.1999 5   5.68       33.672      5.7                  33.637        
Ingoy              07.01.2000 5   5.66       33.59       5.67                 33.56         
Ingoy              14.01.2000 5   5.63       33.699      5.64                 33.655        
Ingoy              23.01.2000 5   4.898      33.66       4.918                33.593        
Ingoy              30.01.2000 5   4.904      33.741      4.983                33.65         
Ingoy              09.02.2000 5   5.516      34.278      5.536                34.215        
Ingoy              16.02.2000 5   4.513      33.892      4.523                33.836        
Ingoy              23.02.2000 5   4.235      33.922      4.255                33.889        
Ingoy              02.03.2000 5   3.651      33.934      3.661                33.888        
Ingoy              12.03.2000 5   3.316      34.097      3.316                34.045        
Ingoy              19.03.2000 5   4.16       34.312      4.17                 34.264        
Ingoy              26.03.2000 5   3.711      34.248      3.681                34.199        
Ingoy              03.04.2000 5   3.606      34.222      3.606                34.192        
Ingoy              13.04.2000 5   3.851      34.285      3.861                34.257        
Ingoy              27.04.2000 5   4.404      34.45       4.424                34.407        
Ingoy              05.05.2000 5   4.3        34.39       4.31                 34.35         
Ingoy              12.05.2000 5   4.643      34.493      4.683                34.484        
Ingoy              20.05.2000 5   4.851      34.384      4.891                34.327        
Ingoy              27.05.2000 5   5.25       34.32       5.28                 34.298        
Ingoy              03.06.2000 5   5.935      34.442      5.985                34.405        
Ingoy              14.06.2000 5   6.089      34.188      6.089                34.147        
Ingoy              23.06.2000 5   7.016      34.175      7.067                34.13         
Ingoy              08.07.2000 5   8.503      34.403      8.533                34.389        
Ingoy              17.07.2000 5   8.698      33.972      8.728                33.95         
Ingoy              25.07.2000 5   8.85       33.898      8.84                 33.872        
Ingoy              10.08.2000 5   10.318     33.905      10.318               33.877        
Ingoy              20.08.2000 5   9.438      33.81       9.467                33.792        
Ingoy              30.08.2000 5   9.053      34.18       9.053                34.129        
Ingoy              09.09.2000 5   8.781      33.917      8.831                33.88         
Ingoy              21.09.2000 5   8.74       34.152      8.75                 34.085        
Ingoy              30.09.2000 5   8.56       34.028      8.56                 33.965        
Ingoy              08.10.2000 5   8.84       34.146      8.86                 34.07         
Ingoy              15.10.2000 5   8.486      34.096      8.526                34.038        
Ingoy              22.10.2000 5   8.84       34.402      8.96                 34.305        
Ingoy              30.10.2000 5   7.895      34.002      7.935                33.935        
Ingoy              07.11.2000 5   7.956      34.284      8.266                34.206        
Ingoy              15.11.2000 5   7.85       34.21       7.88                 34.092        
Ingoy              22.11.2000 5   6.98       34.222      7.06                 34.162        
Ingoy              29.11.2000 5   7.262      33.985      7.262                33.928        
Ingoy              06.12.2000 5   7.48       33.85       7.5                  33.801        
Ingoy              17.12.2000 5   7.37       33.967      7.37                 33.91         
Ingoy              26.12.2000 5   6.842      33.92       6.892                33.861        
Ingoy              02.01.2001 5   6.331      34.045      6.371                33.991        
Ingoy              10.01.2001 5   5.814      33.903      5.834                33.837        
Ingoy              20.01.2001 5   5.84       33.99       5.84                 33.99         
Ingoy              27.01.2001 5   6.132      33.934      6.192                33.916        
Ingoy              04.02.2001 5   5.23       33.949      5.26                 33.931        
Ingoy              12.02.2001 5   4.86       34.079      4.84                 34.076        
Ingoy              22.02.2001 5   4.448      33.946      4.488                33.927        
Ingoy              02.03.2001 5   5.042      34.052      5.052                34.024        
Ingoy              09.03.2001 5   4.565      34.036      4.555                34.034        
Ingoy              16.03.2001 5   4.314      34.094      4.314                34.107        
Ingoy              29.03.2001 5   3.95       34.04       3.97                 34.058        
Ingoy              10.04.2001 5   3.981      34.159      4.001                -0.721        
Ingoy              18.04.2001 5   4.47       34.19       4.5                  34.225        
Ingoy              26.04.2001 5   4.342      34.142      4.352                34.118        
Ingoy              03.05.2001 5   4.8        34.128      4.8                  34.1          
Ingoy              11.05.2001 5   5.108      34.332      5.138                34.316        
Ingoy              27.05.2001 5   4.76       33.995      4.8                  34.003        
Ingoy              05.06.2001 5   5.492      34.026      5.512                34.002        
Ingoy              16.06.2001 5   6.19       34.077      6.22                 34.045        
Ingoy              25.06.2001 5   7.165      34.143      7.195                34.101        
Ingoy              04.07.2001 5   9.318      34.083      9.358                34.044        
Ingoy              19.07.2001 5   8.2        33.994      8.24                 33.95         
Ingoy              26.07.2001 5   8.796      33.929      8.846                33.884        
Ingoy              05.08.2001 5   8.693      33.884      8.693                33.819        
Ingoy              17.08.2001 5   8.978      33.553      8.968                33.494        
Ingoy              24.08.2001 5   9.147      34.088      9.157                34.022        
Ingoy              01.09.2001 5   9.211      33.852      9.221                33.806        
Ingoy              10.09.2001 5   10.026     33.682      10.046               33.643        
Ingoy              17.09.2001 5   10.314     33.94       10.334               -1.21         
Ingoy              26.09.2001 5   9.738      34.1        9.758                34.042        
Ingoy              16.01.2002 5   5.573      34.186      5.593                34.117        
Ingoy              25.01.2002 5   5.334      34.164      5.384                34.098        
Ingoy              01.02.2002 5   4.79       34.263      4.78                 34.208        
Ingoy              09.02.2002 5   4.005      33.962      4.015                33.923        
Ingoy              18.02.2002 5   4.488      34.073      4.478                34.005        
Ingoy              26.02.2002 5   4.35       34.19       4.34                 34.119        
Ingoy              09.03.2002 5   3.904      34.13       3.864                34.07         
Ingoy              16.03.2002 5   4.524      34.307      4.524                34.258        
Ingoy              25.03.2002 5   4.016      34.103      4.036                34.041        
Ingoy              01.04.2002 5   4.054      34.132      4.064                34.077        
Ingoy              25.04.2002 5   5.078      34.186      5.078                34.137        
Ingoy              01.05.2002 5   5.482      34.184      5.512                34.138        
Ingoy              22.05.2002 5   5.597      34.037      5.648                33.974        
Ingoy              05.06.2002 5   6.89       33.951      6.91                 33.883        
Ingoy              22.06.2002 5   8.532      34.354      8.532                34.289        
Ingoy              22.07.2002 5   10.499     34.147      10.679               34.049        
Ingoy              01.08.2002 5   9.63       34.247      9.66                 34.172        
Ingoy              12.08.2002 5   10.003     33.917      10.033               33.83         
Ingoy              19.08.2002 5   11.316     33.97       11.316               33.882        
Ingoy              27.08.2002 5   11.331     33.767      11.351               33.691        
Ingoy              06.09.2002 5   11.4       33.49       11.37                33.408        
Ingoy              12.09.2002 5   11.17      33.418      11.15                33.337        
Ingoy              21.09.2002 5   10.475     33.463      10.505               33.382        
Ingoy              02.11.2002 5   7.301      33.513      7.291                33.397        
Ingoy              09.11.2002 5   6.871      33.501      6.861                33.406        
Ingoy              16.11.2002 5   6.843      33.698      6.853                33.602        
Ingoy              27.11.2002 5   6.614      33.594      6.654                33.496        
Ingoy              05.12.2002 5   6.096      33.625      6.126                33.481        
Ingoy              12.12.2002 5   5.726      33.667      5.666                33.557        
Ingoy              21.12.2002 5   5.496      33.873      5.556                33.761        
Ingoy              28.12.2002 5   5.389      33.929      -1.531               33.926        
Ingoy              04.01.2003 5   4.949      34.006      4.949                34.078        
Ingoy              12.01.2003 5   4.832      34.089      4.842                33.992        
Ingoy              21.01.2003 5   3.856      34.056      3.896                33.976        
Ingoy              28.01.2003 5   3.86       34.136      3.86                 34.034        
Ingoy              04.02.2003 5   3.411      34.057      3.462                34.03         
Ingoy              13.02.2003 5   3.371      34.136      3.401                34.051        
Ingoy              21.02.2003 5   4.884      34.472      4.944                34.408        
Ingoy              02.03.2003 5   5.058      34.588      5.078                34.493        
Ingoy              09.03.2003 5   4.225      34.236      4.215                34.132        
Ingoy              16.03.2003 5   4.214      34.321      4.234                34.192        
Ingoy              25.03.2003 5   4.493      34.473      -0.977               34.396        
Ingoy              01.04.2003 5   4.744      34.502      4.804                34.428        
Ingoy              12.04.2003 5   3.826      34.351      3.836                34.29         
Ingoy              19.04.2003 5   4.56       34.485      4.59                 34.41         
Ingoy              27.04.2003 5   4.724      34.494      4.724                34.414        
Ingoy              05.05.2003 5   4.195      34.228      4.185                34.148        
Ingoy              14.05.2003 5   4.634      34.378      4.634                34.3          
Ingoy              21.05.2003 5   6.301      34.41       6.311                34.323        
Ingoy              29.05.2003 5   6.266      34.319      6.256                34.231        
Ingoy              06.06.2003 5   6.492      34.252      6.562                34.185        
Ingoy              13.06.2003 5   6.132      34.299      6.132                34.217        
Ingoy              23.06.2003 5   7.305      34.433      7.305                34.352        
Ingoy              01.07.2003 5   9.119      34.256      9.139                34.173        
Ingoy              08.07.2003 5   8.547      34.303      8.567                34.229        
Ingoy              15.07.2003 5   10.184     34.428      10.174               34.337        
Ingoy              23.07.2003 5   10.767     33.987      10.777               33.909        
Ingoy              03.08.2003 5   12.043     34.277      12.043               34.345        
Ingoy              20.08.2003 5   10.496     34.122      10.466               34.032        
Ingoy              29.08.2003 5   9.304      34.126      9.314                34.035        
Ingoy              06.09.2003 5   10.122     34.346      10.132               34.26         
Ingoy              13.09.2003 5   9.465      34.095      9.475                34.015        
Ingoy              20.09.2003 5   8.764      34.174      8.854                34.107        
Ingoy              13.10.2003 5   8.665      34.262      8.785                34.166        
Ingoy              21.10.2003 5   8.186      34.138      8.126                34.046        
Ingoy              29.10.2003 5   7.898      34.21       7.878                34.126        
Ingoy              05.11.2003 5   7.373      34.11       7.393                34.036        
Ingoy              14.11.2003 5   7.51       34.064      7.5                  33.986        
Ingoy              22.11.2003 5   7.204      34.04       7.104                33.91         
Ingoy              11.12.2003 5   6.302      34.028      6.332                33.915        
Ingoy              23.12.2003 5   5.696      34.123      6.186                34.066        
Ingoy              31.12.2003 5   6.003      34.435      6.003                34.346        
Ingoy              10.01.2004 5   5.312      34.202      5.383                34.132        
Ingoy              19.01.2004 5   4.741      34.706      4.761                69.793        
Ingoy              09.02.2004 5   4.915      34.43       5.045                34.329        
Ingoy              16.02.2004 5   4.566      34.406      4.806                34.353        
Ingoy              23.02.2004 5   4.178      34.338      4.308                34.237        
Ingoy              06.03.2004 5   5.163      34.59       5.163                34.59         
Ingoy              14.03.2004 5   4.913      34.597      5.403                34.571        
Ingoy              24.03.2004 5   3.896      34.32       4.006                34.311        
Ingoy              03.04.2004 5   4.062      34.373      4.242                34.341        
Ingoy              10.04.2004 5   4.698      34.528      4.828                34.464        
Ingoy              17.04.2004 5   5.007      34.576      5.137                34.536        
Ingoy              18.05.2004 5   5.92       34.246      5.92                 34.246        
Ingoy              03.06.2004 5   7.108      34.347      7.108                34.347        
Ingoy              10.06.2004 5   7.264      34.469      7.344                34.522        
Ingoy              20.06.2004 5   7.706      34.276      7.916                34.243        
Ingoy              28.06.2004 5   8.891      34.326      8.991                34.27         
Ingoy              10.07.2004 5   9.759      34.002      9.809                34.055        
Ingoy              18.07.2004 5   8.401      34.168      8.461                34.122        
Ingoy              25.07.2004 5   9.958      33.92       9.988                33.889        
Ingoy              03.08.2004 5   10.155     34.137      10.195               34.097        
Ingoy              10.08.2004 5   10.82      34.037      10.86                33.997        
Ingoy              27.08.2004 5   9.881      33.943      10.011               33.88         
Ingoy              24.09.2004 5   8.628      34.127      8.478                33.89         
Ingoy              02.10.2004 5   8.349      34.293      8.469                34.039        
Ingoy              11.10.2004 5   8.165      34.295      8.355                34.043        
Ingoy              31.10.2004 5   7.664      34.317      7.914                34.071        
Ingoy              10.11.2004 5   7.54       34.628      7.65                 34.382        
Ingoy              18.11.2004 5   7.469      34.466      7.659                34.211        
Ingoy              14.12.2004 5   6.483      34.076      6.573                34.132        
Ingoy              21.12.2004 5   6.353      34.135      6.453                34.163        
Ingoy              28.12.2004 5   6.337      34.045      6.467                34.087        
Ingoy              28.01.2005 5   5.931      34.307      6.021                34.298        
Ingoy              04.02.2005 5   5.277      34.159      5.327                34.188        
Ingoy              13.02.2005 5   5.044      34.195      5.114                34.178        
Ingoy              21.02.2005 5   5.266      34.277      5.357                34.243        
Ingoy              01.03.2005 5   4.96       34.304      5.06                 34.285        
Ingoy              09.03.2005 5   4.442      34.204      4.552                34.193        
Ingoy              27.03.2005 5   3.942      34.155      4.052                34.11         
Ingoy              04.04.2005 5   5.323      34.447      5.333                34.47         
Ingoy              11.04.2005 5   4.295      34.107      4.315                34.175        
Ingoy              18.04.2005 5   4.268      34.133      4.268                34.193        
Ingoy              26.04.2005 5   5.253      34.225      5.283                34.267        
Ingoy              03.05.2005 5   5.332      34.17       5.352                34.212        
Ingoy              12.05.2005 5   5.425      34.15       5.425                34.205        
Ingoy              26.05.2005 5   5.702      34.145      5.712                34.172        
Ingoy              02.06.2005 5   6.216      34.33       6.246                34.365        
Ingoy              09.06.2005 5   6.636      34.17       6.626                34.194        
Ingoy              16.06.2005 5   7.445      33.71       7.435                33.763        
Ingoy              24.06.2005 5   8.164      33.98       8.174                34.034        
Ingoy              06.07.2005 5   8.601      33.695      3.151                33.866        
Ingoy              17.07.2005 5   10.489     34.155      3.579                33.868        
Ingoy              01.08.2005 5   9.308      34.304      9.348                34.335        
Ingoy              17.08.2005 5   10.467     33.983      10.487               34.008        
Ingoy              26.08.2005 5   10.343     33.84       10.243               33.905        
Ingoy              02.09.2005 5   10.693     33.72       10.713               33.77         
Ingoy              12.09.2005 5   9.542      33.875      9.532                33.921        
Ingoy              20.09.2005 5   9.398      34.002      9.388                34.037        
Ingoy              27.09.2005 5   9.082      33.95       9.062                33.993        
Ingoy              05.10.2005 5   9.224      33.87       9.224                33.913        
Ingoy              12.10.2005 5   9.172      33.785      9.122                33.815        
Ingoy              20.10.2005 5   8.395      33.8        8.405                33.828        
Ingoy              31.10.2005 5   8.135      34.035      8.135                34.031        
Ingoy              08.11.2005 5   7.737      33.745      7.737                33.745        
Ingoy              15.11.2005 5   8.017      34.06       8.017                34.066        
Ingoy              24.11.2005 5   8.2        34.215      8.21                 34.198        
Ingoy              03.12.2005 5   7.179      33.997      7.179                33.997        
Ingoy              10.12.2005 5   6.845      33.92       6.845                33.883        
Ingoy              18.12.2005 5   6.45       33.908      6.45                 33.928        
Ingoy              29.12.2005 5   6.336      33.908      6.386                33.91         
Ingoy              07.01.2006 5   6.571      33.95       6.571                33.996        
Ingoy              14.01.2006 5   6.768      34.102      6.768                34.074        
Ingoy              28.01.2006 5   6.244      34.01       6.284                34.021        
Ingoy              04.02.2006 5   6.026      34.04       6.056                34.008        
Ingoy              11.02.2006 5   5.938      34.08       6.028                34.07         
Ingoy              19.02.2006 5   5.554      34.17       5.624                34.145        
Ingoy              27.02.2006 5   5.746      34.335      5.876                34.127        
Ingoy              06.03.2006 5   4.62       34.075      4.63                 34.043        
Ingoy              13.03.2006 5   4.606      34.147      4.636                34.11         
Ingoy              23.03.2006 5   4.22       34.105      4.24                 34.051        
Ingoy              31.03.2006 5   4.611      34.245      4.811                34.219        
Ingoy              29.05.2006 5   6.876      34.35       7.016                34.324        
Ingoy              05.06.2006 5   6.693      34.207      6.803                34.202        
Ingoy              12.06.2006 5   6.813      34.29       6.833                34.246        
Ingoy              20.06.2006 5   7.54       34.435      7.63                 34.398        
Ingoy              28.06.2006 5   8.036      34.53       8.126                34.501        
Ingoy              05.07.2006 5   8.725      34.4        8.865                34.374        
Ingoy              13.07.2006 5   8.681      34.247      8.831                34.178        
Ingoy              20.07.2006 5   9.353      34.545      9.453                34.513        
Ingoy              28.07.2006 5   8.656      34.208      8.797                34.138        
Ingoy              04.08.2006 5   9.097      33.787      9.257                33.727        
Ingoy              11.08.2006 5   9.502      34.235      9.592                34.179        
Ingoy              26.08.2006 5   10.059     34.325      10.189               34.292        
Ingoy              02.09.2006 5   9.929      34.12       10.009               34.186        
Ingoy              23.09.2006 5   9.369      34.035      9.469                34.113        
Ingoy              01.10.2006 5   8.731      34.175      8.731                34.253        
Ingoy              19.10.2006 5   8.063      34.195      8.163                34.3          
Ingoy              27.10.2006 5   7.8        34.13       8.02                 34.235        
Ingoy              05.11.2006 5   7.368      34.2        7.468                34.305        
Ingoy              12.11.2006 5   7.232      34.195      7.292                34.313        
Ingoy              19.11.2006 5   7.367      34.37       7.467                34.326        
Ingoy              30.11.2006 5   7.168      34.135      7.267                34.24         
Ingoy              19.12.2006 5   6.467      34.333      6.537                34.293        
Ingoy              29.12.2006 5   6.499      34.287      6.549                34.266        
Ingoy              05.01.2007 5   6.682      34.257      6.742                -0.863        
Ingoy              16.01.2007 5   5.876      34.24       5.956                34.229        
Ingoy              29.01.2007 5   5.791      34.4        5.891                34.384        
Ingoy              05.02.2007 5   4.984      34.33       5.124                34.259        
Ingoy              14.02.2007 5   4.798      34.39       4.928                34.347        
Ingoy              22.02.2007 5   4.938      34.41       4.928                34.505        
Ingoy              28.02.2007 5   5.094      34.525      5.063                34.601        
Ingoy              08.03.2007 5   4.673      34.4        4.653                34.492        
Ingoy              19.03.2007 5   4.897      34.39       4.887                34.462        
Ingoy              01.04.2007 5   5.028      34.39       5.018                34.473        
Ingoy              12.04.2007 5   5.419      34.49       5.389                34.575        
Ingoy              24.04.2007 5   5.2        34.405      5.189                34.436        
Ingoy              14.05.2007 5   4.652      34.14       4.642                34.256        
Ingoy              21.05.2007 5   5.438      34.2        5.418                34.292        
Ingoy              30.05.2007 5   6.23       34.19       6.21                 34.267        
Ingoy              08.06.2007 5   7.245      34.565      7.245                34.656        
Ingoy              18.06.2007 5   7.312      34.46       7.272                34.451        
Ingoy              29.06.2007 5   7.998      33.93       8.069                33.908        
Ingoy              09.07.2007 5   8.933      33.94       8.983                33.961        
Ingoy              18.07.2007 5   10.122     33.865      10.092               33.854        
Ingoy              26.07.2007 5   9.718      33.965      9.718                33.953        
Ingoy              08.08.2007 5   11.752     33.98       11.702               34.033        
Ingoy              17.08.2007 5   10.535     34.13       10.565               34.111        
Ingoy              25.08.2007 5   10.297     34.27       10.337               34.247        
Ingoy              01.09.2007 5   10.195     34.21       10.155               34.151        
Ingoy              12.09.2007 5   9.607      34.265      9.607                34.22         
Ingoy              22.09.2007 5   9.264      34.16       9.314                34.115        
Ingoy              01.10.2007 5   9.332      34.195      9.352                34.175        
Ingoy              08.10.2007 5   9.054      34.165      9.104                34.134        
Ingoy              16.10.2007 5   8.433      34.13       8.403                34.1          
Ingoy              27.10.2007 5   8.205      34.27       0.925                -0.885        
Ingoy              03.11.2007 5   7.667      34.03       7.667                33.969        
Ingoy              13.11.2007 5   7.897      34.24       7.897                34.188        
Ingoy              28.11.2007 5   6.746      34.223      6.746                34.128        
Ingoy              05.12.2007 5   6.589      34.145      6.619                34.06         
Ingoy              23.12.2007 5   6.39       34.22       6.38                 -0.95         
Ingoy              05.01.2008 5   6.079      34.24       6.079                34.273        
Ingoy              14.01.2008 5   5.661      34.12       5.651                34.052        
Ingoy              22.01.2008 5   5.397      34.265      5.346                34.265        
Ingoy              31.01.2008 5   5.835      34.445      5.825                34.37         
Ingoy              09.02.2008 5   5.728      34.315      5.688                34.308        
Ingoy              20.02.2008 5   5.39       34.38       5.36                 34.378        
Ingoy              27.02.2008 5   4.915      34.24       4.885                34.239        
Ingoy              08.03.2008 5   4.149      34.21       4.119                34.175        
Ingoy              25.03.2008 5   4.404      34.465      4.384                34.337        
Ingoy              02.04.2008 5   4.306      34.54       4.286                34.354        
Ingoy              09.04.2008 5   3.8        34.45       -1.88                34.256        
Ingoy              20.04.2008 5   4.032      34.625      -1.468               34.341        
Ingoy              05.05.2008 5   4.765      34.72       -0.695               34.412        
Ingoy              19.05.2008 5   5.338      34.59       -0.062               34.288        
Ingoy              10.06.2008 5   5.996      33.91       5.996                33.468        
Ingoy              23.06.2008 5   6.33       34.13       6.39                 34.052        
Ingoy              15.07.2008 5   7.82       34.12       7.88                 34.014        
Ingoy              23.07.2008 5   9.29       34          4.16                 -1.15         
Ingoy              31.07.2008 5   9.906      34.14       4.546                -0.93         
Ingoy              20.08.2008 5   9.01       34.02       8.98                 33.605        
Ingoy              28.08.2008 5   9.343      33.92       9.463                33.534        
Ingoy              04.09.2008 5   8.36       34.24       8.47                 33.968        
Ingoy              12.09.2008 5   8.289      34.27       2.419                -1.11         
Ingoy              26.09.2008 5   8.617      34.32       8.747                34.447        
Ingoy              09.10.2008 5   7.435      34.15       7.575                34.298        
Ingoy              16.10.2008 5   7.91       34.24       7.97                 34.145        
Ingoy              31.10.2008 5   7.695      34.095      7.765                34.023        
Ingoy              07.11.2008 5   8.084      34.18       8.174                34.026        
Ingoy              25.11.2008 5   7.375      34.25       7.485                34.078        
Ingoy              05.12.2008 5   6.746      34.19       6.746                34.107        
Ingoy              09.01.2009 5   5.419      34.135      5.41                 34.097        
Ingoy              19.01.2009 5   5.331      34.19       5.331                34.112        
Ingoy              27.01.2009 5   5.445      34.37       5.455                34.203        
Ingoy              08.02.2009 5   4.761      34.4        4.771                34.305        
Ingoy              15.02.2009 5   4.288      34.297      4.278                34.167        
Ingoy              22.02.2009 5   5.2        34.535      5.2                  34.359        
Ingoy              02.03.2009 5   4.034      34.31       4.044                34.199        
Ingoy              09.03.2009 5   5.025      34.57       5.035                34.472        
Ingoy              21.03.2009 5   4.938      34.43       4.928                34.179        
Ingoy              02.04.2009 5   3.889      34.163      -1.741               33.983        
Ingoy              02.05.2009 5   4.998      34.27       4.988                34.563        
Ingoy              11.05.2009 5   5.154      33.99       5.164                33.993        
Ingoy              18.05.2009 5   4.963      33.945      5.012                33.999        
Ingoy              29.05.2009 5   5.968      34.08       5.968                33.111        
Ingoy              08.06.2009 5   6.5        34.02       6.53                 33.861        
Ingoy              16.06.2009 5   7          33.95       7.09                 33.44         
Ingoy              25.06.2009 5   8.341      34          8.321                33.642        
Ingoy              06.07.2009 5   8.038      33.975      8.038                33.743        
Ingoy              20.07.2009 5   8.953      33.705      8.953                33.615        
Ingoy              03.08.2009 5   10.278     33.865      10.278               33.147        
Ingoy              14.08.2009 5   10.034     33.525      10.044               33.033        
Ingoy              22.08.2009 5   9.396      34.01       9.396                33.473        
Ingoy              11.09.2009 5   9.004      34.2        9.114                34.294        
Ingoy              22.09.2009 5   9.092      33.97       9.172                34.05         
Ingoy              29.09.2009 5   8.875      34.07       9.195                34.147        
Ingoy              06.10.2009 5   8.597      33.93       8.647                34.017        
Ingoy              14.10.2009 5   8.55       34.18       8.71                 33.75         
Ingoy              01.11.2009 5   8.313      34.077      8.363                -0.798        
Ingoy              09.11.2009 5   7.817      34          7.887                34.14         
Ingoy              16.11.2009 5   7.149      33.86       7.249                33.975        
Ingoy              23.11.2009 5   7.912      34.05       7.992                34.158        
Ingoy              30.11.2009 5   7.661      33.998      7.72                 34.088        
Ingoy              08.12.2009 5   7.571      33.957      7.641                34.056        
Ingoy              31.12.2009 5   6.461      34.103      6.481                34.015        
Ingoy              12.01.2010 5   6.237      34.33       6.257                34.513        
Ingoy              21.01.2010 5   5.43       34.165      5.49                 34.265        
Ingoy              01.02.2010 5   5.349      34.297      5.399                -0.563        
Ingoy              10.02.2010 5   4.983      34.273      5.063                -0.687        
Ingoy              18.02.2010 5   4.662      34.29       4.722                34.443        
Ingoy              01.03.2010 5   3.875      34.25       3.945                34.341        
Ingoy              12.03.2010 5   3.757      34.375      3.817                34.453        
Ingoy              20.03.2010 5   3.756      34.338      3.826                34.498        
Ingoy              28.03.2010 5   3.949      34.483      3.999                34.547        
Ingoy              11.04.2010 5   4.336      34.537      4.386                34.637        
Ingoy              25.04.2010 5   3.926      34.397      3.996                34.541        
Ingoy              05.05.2010 5   5.131      34.67       5.191                34.794        
Ingoy              14.05.2010 5   5.63       34.61       5.68                 34.708        
Ingoy              22.05.2010 5   6.102      34.597      6.222                34.687        
Ingoy              07.06.2010 5   6.739      34.757      6.859                34.853        
Ingoy              18.06.2010 5   6.658      34.373      6.728                34.463        
Ingoy              02.07.2010 5   7.386      34.28       7.696                34.438        
Ingoy              14.07.2010 5   7.329      34.28       7.369                34.348        
Ingoy              02.08.2010 5   9.09       34.145      9.16                 34.198        
Ingoy              09.08.2010 5   9.904      33.89       9.974                33.979        
Ingoy              19.08.2010 5   9.004      34.35       9.044                34.452        
Ingoy              25.08.2010 5   8.741      33.93       8.831                33.976        
Ingoy              01.09.2010 5   9.38       33.79       9.59                 33.846        
Ingoy              10.09.2010 5   8.793      34.29       8.853                34.36         
Ingoy              19.09.2010 5   8.39       33.968      8.56                 34.065        
Ingoy              27.09.2010 5   8.524      34.31       8.724                34.379        
Ingoy              21.10.2010 5   7.559      34.25       7.719                34.332        
Ingoy              29.10.2010 5   7.228      34.36       7.398                34.443        
Ingoy              05.11.2010 5   7.304      34.49       7.414                34.274        
Ingoy              12.11.2010 5   6.497      34.525      6.797                34.259        
Ingoy              07.12.2010 5   5.951      34.1        6.031                34.296        
Ingoy              18.12.2010 5   5.87       34.095      5.97                 34.307        
Ingoy              28.12.2010 5   5.689      34.21       5.789                34.422        
Ingoy              06.01.2011 5   5.222      34.14       5.302                34.397        
Ingoy              17.01.2011 5   4.536      34.115      4.606                34.353        
Ingoy              29.01.2011 5   4.645      34.25       4.735                34.48         
Ingoy              10.02.2011 5   4.404      34.245      4.494                34.39         
Ingoy              26.02.2011 5   4.497      34.397      4.577                34.66         
Ingoy              04.03.2011 5   4.6        34.41       4.689                34.266        
Ingoy              15.03.2011 5   4.998      34.565      5.078                34.426        
Ingoy              27.03.2011 5   3.904      34.37       3.944                34.475        
Ingoy              10.04.2011 5   4.097      34.353      4.158                34.469        
Ingoy              23.04.2011 5   4.218      34.36       4.288                34.482        
Ingoy              07.05.2011 5   4.663      34.39       4.703                34.404        
Ingoy              18.05.2011 5   4.351      34.225      4.421                34.245        
Ingoy              29.05.2011 5   6.035      34.44       6.115                34.47         
Ingoy              14.06.2011 5   6.481      34.095      6.551                34.136        
Ingoy              23.06.2011 5   6.984      34.333      7.054                34.357        
Ingoy              02.07.2011 5   8.429      34.234      8.479                34.264        
Ingoy              18.08.2011 5   9.726      34          9.806                34.043        
Ingoy              29.08.2011 5   9.365      33.912      9.435                33.924        
Ingoy              17.09.2011 5   9.501      34.032      9.541                34.057        
Ingoy              26.09.2011 5   8.921      33.987      9.031                33.995        
Ingoy              12.10.2011 5   8.081      34          8.121                34.018        
Ingoy              19.10.2011 5   8.153      34.1        8.193                34.114        
Ingoy              28.10.2011 5   8.298      34.113      8.358                34.125        
Ingoy              16.11.2011 5   7.503      34.053      7.503                34.053        
Ingoy              24.11.2011 5   7.703      33.966      7.703                33.966        
Ingoy              11.12.2011 5   7.535      33.825      7.424                33.831        
Ingoy              19.12.2011 5   7.375      33.647      7.325                33.636        
Ingoy              06.01.2012 5   6.441      33.842      6.481                33.82         
Ingoy              19.01.2012 5   6.248      33.897      6.298                33.883        
Ingoy              29.01.2012 5   5.881      33.94       5.931                33.926        
Ingoy              11.05.2012 5   5.656      34.23       5.756                34.477        
Ingoy              31.05.2012 5   6.209      34.395      6.299                34.636        
Ingoy              13.06.2012 5   6.422      33.82       6.542                34.05         
Ingoy              02.07.2012 5   8.309      33.965      8.399                34.207        
Ingoy              11.07.2012 5   7.66       34.095      1.83                 -3.825        
Ingoy              02.08.2012 5   8.598      33.8        8.688                34.042        
Ingoy              03.09.2012 5   9.841      33.91       3.701                34.133        
Ingoy              12.09.2012 5   9.243      33.792      9.333                34.012        
Ingoy              19.09.2012 5   8.7        33.885      8.82                 34.074        
Ingoy              26.09.2012 5   8.592      33.835      8.652                34.039        
Ingoy              27.11.2012 5   6.859      33.935      6.949                34.113        
Ingoy              12.12.2012 5   6.447      33.787      0.377                -1.173        
Ingoy              03.01.2013 5   5.405      33.78       5.455                33.762        
Ingoy              15.01.2013 5   5.369      33.93       5.469                34            
Ingoy              26.01.2013 5   5.23       33.92       5.339                33.98         
Ingoy              08.02.2013 5   4.571      34.053      4.634                34.136        
Ingoy              03.03.2013 5   4.58       34.05       4.66                 34.161        
Ingoy              18.03.2013 5   4.192      34.12       4.23                 34.159        
Ingoy              07.04.2013 5   3.645      34.15       3.696                34.155        
Ingoy              18.04.2013 5   4.168      33.995      4.298                34.133        
Ingoy              27.04.2013 5   4.233      34.05       4.419                34.191        
Ingoy              02.05.2013 5   4.816      34.1        4.919                34.184        
Ingoy              09.05.2013 5   4.9        34.08       4.957                34.15         
Ingoy              28.05.2013 5   5.916      34.03       5.998                34.091        
Ingoy              05.06.2013 5   7.74       34.04       7.645                34.055        
Ingoy              20.06.2013 5   8.453      33.505      8.555                33.639        
Ingoy              01.07.2013 5   9.32       33.77       9.355                33.787        
Ingoy              13.07.2013 5   8.856      33.704      8.964                33.807        
Ingoy              27.08.2013 5   10.656     33.6        10.703               33.656        
Ingoy              19.09.2013 5   10.594     33.74       10.642               33.774        
Ingoy              25.09.2013 5   10.15      33.91       10.21                33.915        
Ingoy              07.10.2013 5   9.786      33.67       10.016               33.612        
Ingoy              16.10.2013 5   8.883      33.84       8.931                33.793        
Ingoy              23.10.2013 5   8.364      33.81       8.543                33.824        
Ingoy              30.10.2013 5   8.868      34.147      9.672                33.945        
Ingoy              07.11.2013 5   7.846      33.957      8.113                33.856        
Ingoy              13.11.2013 5   7.684      33.91       8.592                33.846        
Ingoy              21.11.2013 5   7.884      34.47       7.927                34.461        
Ingoy              04.12.2013 5   6.729      34.215      6.779                34.215        
Ingoy              18.12.2013 5   6.245      34.205      6.327                34.137        
Ingoy              12.01.2014 5   5.867      34.11       5.867                34.08         
Ingoy              19.01.2014 5   5.848      34.123      5.848                34.123        
Ingoy              28.01.2014 5   5.511      34.2        5.511                34.202        
Ingoy              07.02.2014 5   5.355      34.167      5.355                34.136        
Ingoy              17.02.2014 5   4.716      34.258      4.716                34.204        
Ingoy              02.03.2014 5   4.896      34.24       4.896                34.187        
Ingoy              13.04.2014 5   4.24       34.133      4.24                 34.027        
Ingoy              27.04.2014 5   4.259      34.217      4.259                34.154        
Ingoy              07.05.2014 5   4.894      34.42       4.894                34.508        
Ingoy              21.05.2014 5   5.226      34.25       5.226                34.255        
Ingoy              30.05.2014 5   5.577      34.182      5.577                34.19         
Ingoy              09.06.2014 5   7.565      34.397      7.565                34.381        
Ingoy              30.06.2014 5   7.692      34.207      7.692                34.198        
Ingoy              22.08.2014 5   9.174      33.803      9.174                33.915        
Ingoy              16.09.2014 5   9.421      34.18       9.421                34.179        
Ingoy              07.10.2014 5   8.138      34.03       8.138                34.023        
Ingoy              14.10.2014 5   8.076      34.19       8.076                34.186        
Ingoy              27.10.2014 5   7.637      34.2        7.637                34.186        
Ingoy              05.11.2014 5   6.9        34.14       6.9                  34.13         
Ingoy              17.11.2014 5   6.963      34.305      6.963                34.268        
Ingoy              24.11.2014 5   7.174      34.25       7.174                34.25         
Ingoy              08.12.2014 5   6.862      34.195      6.862                34.195        
Ingoy              07.01.2015 5   6.445      34.148      6.445                34.078        
Ingoy              15.01.2015 5   5.757      34.11       5.757                34.11         
Ingoy              25.01.2015 5   4.929      34.26       4.929                34.26         
Ingoy              05.03.2015 5   5.273      34.35       5.273                34.322        
Ingoy              13.04.2015 5   5.201      34.435      5.201                34.435        
